1 243
2 248
1 37
1 29
1 97
1 29
1 48
2 28
4 105
1 152
1 372
1 94
1 924
3 79
1 165
1 28
1 319
1 82
1 23
1 41
1 6
1 330
9 166
2 82
2 252
1 549
1 27
2 22
1 116
1 61
1 168
2 22
4 164
1 38
1 416
1 43
1 17
1 80
1 165
3 83
1 28
9 166
1 416
1 97
1 147
1 152
1 22
2 263
9 166
1 11
1 264
2 80
1 330
1 60
1 28
1 924
1 116
1 11
1 330
4 24
1 26
2 924
1 320
2 48
1 45
9 166
1 279
9 166
1 45
1 37
4 199
4 24
2 395
1 38
1 26
9 268
3 79
1 27
1 6
3 105
2 29
1 279
9 77
9 268
1 72
1 165
1 529
1 819
1 28
1 475
1 22
2 29
1 523
1 416
2 386
4 105
1 320
1 41
2 924
1 23
1 344
2 263
4 164
1 44
2 395
1 38
1 21
2 80
2 95
1 617
4 105
1 29
4 24
1 523
1 1
1 11
1 37
1 48
3 19
1 1
2 248
2 22
1 22
1 319
9 268
3 12
3 12
1 70
1 17
3 83
1 617
1 70
2 924
1 416
1 41
1 27
9 166
1 148
9 77
1 70
2 263
2 924
1 523
1 281
1 70
1 82
1 43
2 48
1 87
2 29
9 268
1 45
1 344
1 248
4 199
2 98
2 924
1 819
1 549
1 549
4 105
1 629
3 105
4 105
1 281
3 19
1 52
2 395
1 48
3 214
2 248
1 43
1 22
3 105
1 617
4 164
1 106
1 45
2 395
4 164
1 263
1 98
4 24
3 83
1 6
1 44
1 28
1 48
1 80
9 77
1 320
1 147
1 629
1 263
9 166
1 166
1 13
3 214
2 48
1 60
1 60
1 72
2 263
4 199
1 475
1 23
2 252
3 214
1 41
1 80
1 72
1 629
1 61
3 19
1 166
5 342
3 12
4 199
3 79
4 105
2 924
1 98
9 60
1 17
2 395
1 549
9 77
1 148
1 319
9 77
1 26
9 629
1 21
1 52
2 95
1 60
2 681
1 195
4 105
2 28
2 29
1 152
1 43
1 320
2 82
1 819
2 98
1 320
2 16
1 319
1 97
1 37
2 16
9 166
1 629
2 95
1 166
3 19
1 23
9 60
1 41
1 1
2 22
1 22
1 243
1 617
1 152
1 549
1 549
1 45
1 195
1 11
1 11
9 60
1 27
1 243
1 819
1 597
1 320
1 6
9 86
1 41
1 48
2 5
1 6
1 243
1 82
9 60
1 330
1 87
2 95
1 17
9 166
2 252
1 28
1 11
1 61
1 41
1 86
1 98
1 86
3 214
2 80
1 97
1 29
1 23
1 152
1 52
1 416
2 263
1 6
1 13
1 11
1 617
1 617
1 116
2 118
1 597
1 97
1 152
2 22
2 16
1 617
1 60
1 319
1 44
2 924
1 264
3 105
4 199
1 98
1 617
1 72
2 80
1 72
2 386
1 319
1 61
1 529
1 98
2 28
1 52
1 29
1 1
1 80
9 629
1 45
2 252
1 263
1 86
4 35
1 11
1 27
1 87
2 118
2 82
3 79
2 263
1 819
1 148
1 475
1 82
1 23
1 94
2 252
1 597
3 12
2 98
1 44
1 924
2 386
2 22
4 35
1 279
2 263
2 681
2 82
2 118
1 22
5 342
1 43
1 27
1 72
2 118
1 597
1 11
1 819
1 264
1 617
